CellNum: 3 
PositionNum: 4 
PadNum: 2 
cell_pad: 3.33333 0 
cell_pad: 3.33333 1 
cell_pad: 3.33333 2 
cell_pad: 3.33333 3 
cell_pad: 3.33333 4 
cell_pad: 3.33333 5 
cell_pad: 3.33333 6 
cell_pad: 3.33333 7 
cell_pad: 3.33333 8 
cell_pad: 3.33333 9 
cell_pad: 3.33333 10 
cell_pad: 3.33333 11 
4.66667 0 5 
4.66667 0 6 
9.33333 0 7 
1.66667 0 9 
1.66667 0 10 
3.33333 0 11 
4.66667 1 4 
9.33333 1 6 
4.66667 1 7 
1.66667 1 8 
3.33333 1 10 
1.66667 1 11 
4.66667 2 4 
9.33333 2 5 
4.66667 2 7 
1.66667 2 8 
3.33333 2 9 
1.66667 2 11 
9.33333 3 4 
4.66667 3 5 
4.66667 3 6 
3.33333 3 8 
1.66667 3 9 
1.66667 3 10 
2.66667 4 9 
2.66667 4 10 
5.33333 4 11 
2.66667 5 8 
5.33333 5 10 
2.66667 5 11 
2.66667 6 8 
5.33333 6 9 
2.66667 6 11 
5.33333 7 8 
2.66667 7 9 
2.66667 7 10 
max_weight: 9.33333